COMPARAISON DES WAYPOINT_SCRIPTS.ID
================================================================================
Branche 3.3.5 (existants) : waypoint_ids_list.txt
Branche master (affectés) : wp_script_ids_list.txt
Date de comparaison       : 2026-01-04 13:59:26

STATISTIQUES GLOBALES
================================================================================
IDs dans la branche 3.3.5      :    577
IDs dans la branche master     :    143
IDs communs (déjà existants)   :    139
IDs seulement dans 3.3.5       :    438
IDs seulement dans master      :      4

Couverture : 97.2% des IDs de master existent déjà dans 3.3.5

================================================================================
IDs COMMUNS (déjà présents dans 3.3.5)
================================================================================
2
5
7
39
40
41
49
51
52
470
471
472
473
474
475
476
477
478
479
480
481
491
492
493
494
495
1114
1115
1116
1120
1121
1122
1123
1124
1125
1126
1127
1128
1129
1134
1137
1138
1139
1140
1141
1142
1143
1144
1145
1146
1147
1148
1149
1150
1151
1152
1153
1154
1155
1156
1157
1158
1160
1162
1163
1164
1165
1168
1169
1170
1171
1172
1175
1177
1178
1179
1180
1181
1185
1186
1187
1188
1190
1191
1192
1193
1196
1197
1198
1201
1202
1203
682901
682902
682903
682904
682921
682922
682923
682924
682961
682962
682963
682964
683081
683091
684681
684691
684701
686261
1128651
1128652
1128661
1128662
1128663
1336191
1336192
1378561
1378562
1378563
1380451
1380452
2026160
2026161
2026250
2026251
2026270
2026271
5753900
5862800
6556600
11026002
11026401
11026402
11130700
11393600
11730800
12556600
13036300

================================================================================
IDs NOUVEAUX (dans master mais pas dans 3.3.5)
================================================================================
Ces IDs sont utilisés dans la mise à jour master mais n'existent pas dans 3.3.5
ACTION REQUISE : Vérifier si ces IDs doivent être ajoutés à 3.3.5

3848250
3853710
3853711
3860971

================================================================================
IDs NON AFFECTÉS (dans 3.3.5 mais pas traités dans master)
================================================================================
Ces 438 IDs existent dans 3.3.5 mais ne sont pas affectés dans la mise à jour master

       1         3         4         6        10        11        12        13        14        15
      21        23        24        25        26        31        32        33        43        44
      45        46        48        50        71        72        73        74        75        76
      77        78        79        80        81        82        83        84        85        86
      87        88        89        90       113       114       115       116       117       118
     119       120       121       122       123       124       125       126       127       128
     129       130       131       132       133       134       135       136       137       138
     139       140       141       142       143       157       158       159       161       162
     163       164       165       166       167       168       169       172       173       174
     175       176       177       178       179       180       181       182       183       216
     217       218       219       220       221       222       223       226       227       228
     271       272       273       274       275       276       277       278       279       280
     281       282       283       284       285       286       287       288       289       290
     291       292       293       294       295       296       297       298       299       300
     301       302       303       304       305       306       307       308       309       310
     311       312       313       315       316       317       318       319       320       321
     322       323       324       325       326       327       328       329       330       331
     333       334       335       336       337       338       339       340       341       342
     343       344       345       346       347       348       349       350       351       352
     353       354       355       356       357       358       359       360       361       362
     363       364       365       366       367       368       369       370       371       372
     373       374       375       376       377       378       379       385       386       387
     388       389       390       391       392       393       394       395       396       397
     398       399       400       401       402       403       404       405       406       407
     408       409       410       411       412       416       417       418       419       420
     421       422       423       424       425       426       427       428       429       430
     431       447       449       451       452       453       454       455       456       457
     458       459       462       463       464       465       466       482       483       484
     485       486       487       488       489       490       496      1000      1001      1009
    1010      1011      1012      1013      1014      1015      1016      1017      1018      1019
    1020      1021      1022      1023      1024      1025      1026      1027      1028      1029
    1030      1031      1032      1033      1034      1035      1036      1037      1038      1039
    1040      1041      1042      1043      1044      1045      1065      1070      1071      1072
    1073      1074      1075      1076      1077      1078      1079      1082      1083      1084
    1085      1086      1087      1088      1089      1090      1091      1092      1093      1094
    1095      1096      1097      1098      1099      1100      1101      1102      1103      1104
    1105      1106      1108      1109      1110      1111      1112      1113      1135      1136
    1159      1161      1166      1167      1173      1174      1176      1182      1183      1184
    1189      1194      1195      1200      1204      1205      1206      1207      1208      1209
    1210      1211      1212      1213      1214      1215      1216     10800     10801     10802
   10803    115879    188700    188701    216930    455250    616340    684682    684692    684702
  928980    928990    929090    929091    929110   1132800   1132801   1132802   1377500   1501600
 1501610   1501620   1501810   1501820   1501830   2984300   4429600   4429601   4429602   4429603
 4430300   4430301   5757600   5757601   6873300   8014900   8025100  11026001
