Liste des waypoint_scripts.id du fichier 2026_XX_XX_XX_world.sql
======================================================================

Total d'occurrences: 143
IDs uniques: 143
ID minimum: 2
ID maximum: 13036300

======================================================================
IDs UNIQUES (triés):
----------------------------------------------------------------------
2
5
7
39
40
41
49
51
52
470
471
472
473
474
475
476
477
478
479
480
481
491
492
493
494
495
1114
1115
1116
1120
1121
1122
1123
1124
1125
1126
1127
1128
1129
1134
1137
1138
1139
1140
1141
1142
1143
1144
1145
1146
1147
1148
1149
1150
1151
1152
1153
1154
1155
1156
1157
1158
1160
1162
1163
1164
1165
1168
1169
1170
1171
1172
1175
1177
1178
1179
1180
1181
1185
1186
1187
1188
1190
1191
1192
1193
1196
1197
1198
1201
1202
1203
682901
682902
682903
682904
682921
682922
682923
682924
682961
682962
682963
682964
683081
683091
684681
684691
684701
686261
1128651
1128652
1128661
1128662
1128663
1336191
1336192
1378561
1378562
1378563
1380451
1380452
2026160
2026161
2026250
2026251
2026270
2026271
3848250
3853710
3853711
3860971
5753900
5862800
6556600
11026002
11026401
11026402
11130700
11393600
11730800
12556600
13036300
